Sixe: 5 x 5
Runtime: 1
Path:
|1   |22  |11  |16  |7   |
|12  |17  |8   |21  |10  |
|23  |2   |25  |6   |15  |
|18  |13  |4   |9   |20  |
|3   |24  |19  |14  |5   |

Sixe: 5 x 5
Runtime: 1
Path:
|1   |22  |11  |16  |7   |
|12  |17  |8   |21  |10  |
|23  |2   |25  |6   |15  |
|18  |13  |4   |9   |20  |
|3   |24  |19  |14  |5   |

Sixe: 5 x 5
Runtime: 0
Path:
|1   |22  |11  |16  |7   |
|12  |17  |8   |21  |10  |
|23  |2   |25  |6   |15  |
|18  |13  |4   |9   |20  |
|3   |24  |19  |14  |5   |

Sixe: 5 x 5
Runtime: 0
Path:
|1   |22  |11  |16  |7   |
|12  |17  |8   |21  |10  |
|23  |2   |25  |6   |15  |
|18  |13  |4   |9   |20  |
|3   |24  |19  |14  |5   |

Sixe: 5 x 5
Runtime: 1
Path:
|1   |22  |11  |16  |7   |
|12  |17  |8   |21  |10  |
|23  |2   |25  |6   |15  |
|18  |13  |4   |9   |20  |
|3   |24  |19  |14  |5   |


average run time for 5 x 5 board: 0




Sixe: 6 x 6
Runtime: 5
Path:
|1   |10  |19  |28  |7   |12  |
|18  |29  |8   |11  |20  |27  |
|9   |2   |17  |36  |13  |6   |
|32  |35  |30  |21  |26  |23  |
|3   |16  |33  |24  |5   |14  |
|34  |31  |4   |15  |22  |25  |

Sixe: 6 x 6
Runtime: 4
Path:
|1   |10  |19  |28  |7   |12  |
|18  |29  |8   |11  |20  |27  |
|9   |2   |17  |36  |13  |6   |
|32  |35  |30  |21  |26  |23  |
|3   |16  |33  |24  |5   |14  |
|34  |31  |4   |15  |22  |25  |

Sixe: 6 x 6
Runtime: 4
Path:
|1   |10  |19  |28  |7   |12  |
|18  |29  |8   |11  |20  |27  |
|9   |2   |17  |36  |13  |6   |
|32  |35  |30  |21  |26  |23  |
|3   |16  |33  |24  |5   |14  |
|34  |31  |4   |15  |22  |25  |

Sixe: 6 x 6
Runtime: 4
Path:
|1   |10  |19  |28  |7   |12  |
|18  |29  |8   |11  |20  |27  |
|9   |2   |17  |36  |13  |6   |
|32  |35  |30  |21  |26  |23  |
|3   |16  |33  |24  |5   |14  |
|34  |31  |4   |15  |22  |25  |

Sixe: 6 x 6
Runtime: 4
Path:
|1   |10  |19  |28  |7   |12  |
|18  |29  |8   |11  |20  |27  |
|9   |2   |17  |36  |13  |6   |
|32  |35  |30  |21  |26  |23  |
|3   |16  |33  |24  |5   |14  |
|34  |31  |4   |15  |22  |25  |


average run time for 6 x 6 board: 4




Sixe: 7 x 7
Runtime: 689
Path:
|1   |14  |41  |32  |23  |12  |9   |
|40  |33  |24  |13  |10  |31  |22  |
|15  |2   |39  |42  |45  |8   |11  |
|34  |25  |44  |49  |38  |21  |30  |
|3   |16  |37  |28  |43  |46  |7   |
|26  |35  |18  |5   |48  |29  |20  |
|17  |4   |27  |36  |19  |6   |47  |

Sixe: 7 x 7
Runtime: 450
Path:
|1   |14  |41  |32  |23  |12  |9   |
|40  |33  |24  |13  |10  |31  |22  |
|15  |2   |39  |42  |45  |8   |11  |
|34  |25  |44  |49  |38  |21  |30  |
|3   |16  |37  |28  |43  |46  |7   |
|26  |35  |18  |5   |48  |29  |20  |
|17  |4   |27  |36  |19  |6   |47  |

Sixe: 7 x 7
Runtime: 406
Path:
|1   |14  |41  |32  |23  |12  |9   |
|40  |33  |24  |13  |10  |31  |22  |
|15  |2   |39  |42  |45  |8   |11  |
|34  |25  |44  |49  |38  |21  |30  |
|3   |16  |37  |28  |43  |46  |7   |
|26  |35  |18  |5   |48  |29  |20  |
|17  |4   |27  |36  |19  |6   |47  |

Sixe: 7 x 7
Runtime: 431
Path:
|1   |14  |41  |32  |23  |12  |9   |
|40  |33  |24  |13  |10  |31  |22  |
|15  |2   |39  |42  |45  |8   |11  |
|34  |25  |44  |49  |38  |21  |30  |
|3   |16  |37  |28  |43  |46  |7   |
|26  |35  |18  |5   |48  |29  |20  |
|17  |4   |27  |36  |19  |6   |47  |

Sixe: 7 x 7
Runtime: 402
Path:
|1   |14  |41  |32  |23  |12  |9   |
|40  |33  |24  |13  |10  |31  |22  |
|15  |2   |39  |42  |45  |8   |11  |
|34  |25  |44  |49  |38  |21  |30  |
|3   |16  |37  |28  |43  |46  |7   |
|26  |35  |18  |5   |48  |29  |20  |
|17  |4   |27  |36  |19  |6   |47  |


average run time for 7 x 7 board: 475




Sixe: 8 x 8
Runtime: 11
Path:
|1   |46  |15  |30  |35  |54  |13  |28  |
|16  |31  |52  |61  |14  |29  |36  |55  |
|45  |2   |47  |34  |53  |62  |27  |12  |
|32  |17  |60  |51  |58  |49  |56  |37  |
|3   |44  |33  |48  |63  |38  |11  |26  |
|18  |21  |64  |59  |50  |57  |8   |39  |
|43  |4   |23  |20  |41  |6   |25  |10  |
|22  |19  |42  |5   |24  |9   |40  |7   |

Sixe: 8 x 8
Runtime: 11
Path:
|1   |46  |15  |30  |35  |54  |13  |28  |
|16  |31  |52  |61  |14  |29  |36  |55  |
|45  |2   |47  |34  |53  |62  |27  |12  |
|32  |17  |60  |51  |58  |49  |56  |37  |
|3   |44  |33  |48  |63  |38  |11  |26  |
|18  |21  |64  |59  |50  |57  |8   |39  |
|43  |4   |23  |20  |41  |6   |25  |10  |
|22  |19  |42  |5   |24  |9   |40  |7   |

Sixe: 8 x 8
Runtime: 11
Path:
|1   |46  |15  |30  |35  |54  |13  |28  |
|16  |31  |52  |61  |14  |29  |36  |55  |
|45  |2   |47  |34  |53  |62  |27  |12  |
|32  |17  |60  |51  |58  |49  |56  |37  |
|3   |44  |33  |48  |63  |38  |11  |26  |
|18  |21  |64  |59  |50  |57  |8   |39  |
|43  |4   |23  |20  |41  |6   |25  |10  |
|22  |19  |42  |5   |24  |9   |40  |7   |

Sixe: 8 x 8
Runtime: 13
Path:
|1   |46  |15  |30  |35  |54  |13  |28  |
|16  |31  |52  |61  |14  |29  |36  |55  |
|45  |2   |47  |34  |53  |62  |27  |12  |
|32  |17  |60  |51  |58  |49  |56  |37  |
|3   |44  |33  |48  |63  |38  |11  |26  |
|18  |21  |64  |59  |50  |57  |8   |39  |
|43  |4   |23  |20  |41  |6   |25  |10  |
|22  |19  |42  |5   |24  |9   |40  |7   |

Sixe: 8 x 8
Runtime: 12
Path:
|1   |46  |15  |30  |35  |54  |13  |28  |
|16  |31  |52  |61  |14  |29  |36  |55  |
|45  |2   |47  |34  |53  |62  |27  |12  |
|32  |17  |60  |51  |58  |49  |56  |37  |
|3   |44  |33  |48  |63  |38  |11  |26  |
|18  |21  |64  |59  |50  |57  |8   |39  |
|43  |4   |23  |20  |41  |6   |25  |10  |
|22  |19  |42  |5   |24  |9   |40  |7   |


average run time for 8 x 8 board: 11




Sixe: 9 x 9
Runtime: 33
Path:
|1   |18  |53  |36  |63  |16  |29  |34  |31  |
|52  |37  |64  |17  |54  |35  |32  |15  |28  |
|19  |2   |79  |62  |65  |70  |81  |30  |33  |
|38  |51  |66  |71  |80  |55  |58  |27  |14  |
|3   |20  |61  |78  |59  |74  |69  |44  |57  |
|50  |39  |72  |67  |76  |43  |56  |13  |26  |
|21  |4   |77  |60  |73  |68  |75  |10  |45  |
|40  |49  |6   |23  |42  |47  |8   |25  |12  |
|5   |22  |41  |48  |7   |24  |11  |46  |9   |

Sixe: 9 x 9
Runtime: 39
Path:
|1   |18  |53  |36  |63  |16  |29  |34  |31  |
|52  |37  |64  |17  |54  |35  |32  |15  |28  |
|19  |2   |79  |62  |65  |70  |81  |30  |33  |
|38  |51  |66  |71  |80  |55  |58  |27  |14  |
|3   |20  |61  |78  |59  |74  |69  |44  |57  |
|50  |39  |72  |67  |76  |43  |56  |13  |26  |
|21  |4   |77  |60  |73  |68  |75  |10  |45  |
|40  |49  |6   |23  |42  |47  |8   |25  |12  |
|5   |22  |41  |48  |7   |24  |11  |46  |9   |

Sixe: 9 x 9
Runtime: 35
Path:
|1   |18  |53  |36  |63  |16  |29  |34  |31  |
|52  |37  |64  |17  |54  |35  |32  |15  |28  |
|19  |2   |79  |62  |65  |70  |81  |30  |33  |
|38  |51  |66  |71  |80  |55  |58  |27  |14  |
|3   |20  |61  |78  |59  |74  |69  |44  |57  |
|50  |39  |72  |67  |76  |43  |56  |13  |26  |
|21  |4   |77  |60  |73  |68  |75  |10  |45  |
|40  |49  |6   |23  |42  |47  |8   |25  |12  |
|5   |22  |41  |48  |7   |24  |11  |46  |9   |

Sixe: 9 x 9
Runtime: 33
Path:
|1   |18  |53  |36  |63  |16  |29  |34  |31  |
|52  |37  |64  |17  |54  |35  |32  |15  |28  |
|19  |2   |79  |62  |65  |70  |81  |30  |33  |
|38  |51  |66  |71  |80  |55  |58  |27  |14  |
|3   |20  |61  |78  |59  |74  |69  |44  |57  |
|50  |39  |72  |67  |76  |43  |56  |13  |26  |
|21  |4   |77  |60  |73  |68  |75  |10  |45  |
|40  |49  |6   |23  |42  |47  |8   |25  |12  |
|5   |22  |41  |48  |7   |24  |11  |46  |9   |

Sixe: 9 x 9
Runtime: 33
Path:
|1   |18  |53  |36  |63  |16  |29  |34  |31  |
|52  |37  |64  |17  |54  |35  |32  |15  |28  |
|19  |2   |79  |62  |65  |70  |81  |30  |33  |
|38  |51  |66  |71  |80  |55  |58  |27  |14  |
|3   |20  |61  |78  |59  |74  |69  |44  |57  |
|50  |39  |72  |67  |76  |43  |56  |13  |26  |
|21  |4   |77  |60  |73  |68  |75  |10  |45  |
|40  |49  |6   |23  |42  |47  |8   |25  |12  |
|5   |22  |41  |48  |7   |24  |11  |46  |9   |


average run time for 9 x 9 board: 34




Sixe: 10 x 10
Runtime: 1598
Path:
|1    |28   |19   |48   |61   |30   |17   |50   |59   |32   |
|20   |47   |62   |29   |18   |49   |60   |31   |16   |51   |
|27   |2    |91   |82   |89   |80   |93   |70   |33   |58   |
|46   |21   |100  |63   |92   |71   |88   |79   |52   |15   |
|3    |26   |83   |90   |81   |78   |69   |94   |57   |34   |
|22   |45   |76   |99   |64   |85   |72   |87   |14   |53   |
|25   |4    |23   |84   |77   |68   |95   |54   |35   |56   |
|44   |7    |98   |75   |96   |65   |86   |73   |38   |13   |
|5    |24   |9    |42   |67   |74   |11   |40   |55   |36   |
|8    |43   |6    |97   |10   |41   |66   |37   |12   |39   |

Sixe: 10 x 10
Runtime: 1749
Path:
|1    |28   |19   |48   |61   |30   |17   |50   |59   |32   |
|20   |47   |62   |29   |18   |49   |60   |31   |16   |51   |
|27   |2    |91   |82   |89   |80   |93   |70   |33   |58   |
|46   |21   |100  |63   |92   |71   |88   |79   |52   |15   |
|3    |26   |83   |90   |81   |78   |69   |94   |57   |34   |
|22   |45   |76   |99   |64   |85   |72   |87   |14   |53   |
|25   |4    |23   |84   |77   |68   |95   |54   |35   |56   |
|44   |7    |98   |75   |96   |65   |86   |73   |38   |13   |
|5    |24   |9    |42   |67   |74   |11   |40   |55   |36   |
|8    |43   |6    |97   |10   |41   |66   |37   |12   |39   |

Sixe: 10 x 10
Runtime: 1635
Path:
|1    |28   |19   |48   |61   |30   |17   |50   |59   |32   |
|20   |47   |62   |29   |18   |49   |60   |31   |16   |51   |
|27   |2    |91   |82   |89   |80   |93   |70   |33   |58   |
|46   |21   |100  |63   |92   |71   |88   |79   |52   |15   |
|3    |26   |83   |90   |81   |78   |69   |94   |57   |34   |
|22   |45   |76   |99   |64   |85   |72   |87   |14   |53   |
|25   |4    |23   |84   |77   |68   |95   |54   |35   |56   |
|44   |7    |98   |75   |96   |65   |86   |73   |38   |13   |
|5    |24   |9    |42   |67   |74   |11   |40   |55   |36   |
|8    |43   |6    |97   |10   |41   |66   |37   |12   |39   |

Sixe: 10 x 10
Runtime: 1703
Path:
|1    |28   |19   |48   |61   |30   |17   |50   |59   |32   |
|20   |47   |62   |29   |18   |49   |60   |31   |16   |51   |
|27   |2    |91   |82   |89   |80   |93   |70   |33   |58   |
|46   |21   |100  |63   |92   |71   |88   |79   |52   |15   |
|3    |26   |83   |90   |81   |78   |69   |94   |57   |34   |
|22   |45   |76   |99   |64   |85   |72   |87   |14   |53   |
|25   |4    |23   |84   |77   |68   |95   |54   |35   |56   |
|44   |7    |98   |75   |96   |65   |86   |73   |38   |13   |
|5    |24   |9    |42   |67   |74   |11   |40   |55   |36   |
|8    |43   |6    |97   |10   |41   |66   |37   |12   |39   |

Sixe: 10 x 10
Runtime: 1582
Path:
|1    |28   |19   |48   |61   |30   |17   |50   |59   |32   |
|20   |47   |62   |29   |18   |49   |60   |31   |16   |51   |
|27   |2    |91   |82   |89   |80   |93   |70   |33   |58   |
|46   |21   |100  |63   |92   |71   |88   |79   |52   |15   |
|3    |26   |83   |90   |81   |78   |69   |94   |57   |34   |
|22   |45   |76   |99   |64   |85   |72   |87   |14   |53   |
|25   |4    |23   |84   |77   |68   |95   |54   |35   |56   |
|44   |7    |98   |75   |96   |65   |86   |73   |38   |13   |
|5    |24   |9    |42   |67   |74   |11   |40   |55   |36   |
|8    |43   |6    |97   |10   |41   |66   |37   |12   |39   |


average run time for 10 x 10 board: 1653




Sixe: 11 x 11
Runtime: 12194
Path:
|1    |22   |43   |60   |39   |20   |45   |62   |37   |18   |15   |
|42   |59   |40   |21   |44   |61   |38   |19   |16   |47   |36   |
|23   |2    |87   |110  |85   |116  |83   |46   |63   |14   |17   |
|58   |41   |96   |117  |88   |111  |94   |115  |102  |35   |48   |
|3    |24   |109  |86   |95   |84   |101  |82   |93   |64   |13   |
|74   |57   |118  |97   |120  |89   |112  |103  |114  |49   |34   |
|25   |4    |75   |108  |77   |100  |79   |92   |81   |12   |65   |
|56   |73   |98   |119  |106  |121  |90   |113  |104  |33   |50   |
|5    |26   |107  |76   |99   |78   |105  |80   |91   |66   |11   |
|72   |55   |28   |7    |70   |53   |30   |9    |68   |51   |32   |
|27   |6    |71   |54   |29   |8    |69   |52   |31   |10   |67   |

Sixe: 11 x 11
Runtime: 11976
Path:
|1    |22   |43   |60   |39   |20   |45   |62   |37   |18   |15   |
|42   |59   |40   |21   |44   |61   |38   |19   |16   |47   |36   |
|23   |2    |87   |110  |85   |116  |83   |46   |63   |14   |17   |
|58   |41   |96   |117  |88   |111  |94   |115  |102  |35   |48   |
|3    |24   |109  |86   |95   |84   |101  |82   |93   |64   |13   |
|74   |57   |118  |97   |120  |89   |112  |103  |114  |49   |34   |
|25   |4    |75   |108  |77   |100  |79   |92   |81   |12   |65   |
|56   |73   |98   |119  |106  |121  |90   |113  |104  |33   |50   |
|5    |26   |107  |76   |99   |78   |105  |80   |91   |66   |11   |
|72   |55   |28   |7    |70   |53   |30   |9    |68   |51   |32   |
|27   |6    |71   |54   |29   |8    |69   |52   |31   |10   |67   |

Sixe: 11 x 11
Runtime: 12200
Path:
|1    |22   |43   |60   |39   |20   |45   |62   |37   |18   |15   |
|42   |59   |40   |21   |44   |61   |38   |19   |16   |47   |36   |
|23   |2    |87   |110  |85   |116  |83   |46   |63   |14   |17   |
|58   |41   |96   |117  |88   |111  |94   |115  |102  |35   |48   |
|3    |24   |109  |86   |95   |84   |101  |82   |93   |64   |13   |
|74   |57   |118  |97   |120  |89   |112  |103  |114  |49   |34   |
|25   |4    |75   |108  |77   |100  |79   |92   |81   |12   |65   |
|56   |73   |98   |119  |106  |121  |90   |113  |104  |33   |50   |
|5    |26   |107  |76   |99   |78   |105  |80   |91   |66   |11   |
|72   |55   |28   |7    |70   |53   |30   |9    |68   |51   |32   |
|27   |6    |71   |54   |29   |8    |69   |52   |31   |10   |67   |

Sixe: 11 x 11
Runtime: 12280
Path:
|1    |22   |43   |60   |39   |20   |45   |62   |37   |18   |15   |
|42   |59   |40   |21   |44   |61   |38   |19   |16   |47   |36   |
|23   |2    |87   |110  |85   |116  |83   |46   |63   |14   |17   |
|58   |41   |96   |117  |88   |111  |94   |115  |102  |35   |48   |
|3    |24   |109  |86   |95   |84   |101  |82   |93   |64   |13   |
|74   |57   |118  |97   |120  |89   |112  |103  |114  |49   |34   |
|25   |4    |75   |108  |77   |100  |79   |92   |81   |12   |65   |
|56   |73   |98   |119  |106  |121  |90   |113  |104  |33   |50   |
|5    |26   |107  |76   |99   |78   |105  |80   |91   |66   |11   |
|72   |55   |28   |7    |70   |53   |30   |9    |68   |51   |32   |
|27   |6    |71   |54   |29   |8    |69   |52   |31   |10   |67   |

Sixe: 11 x 11
Runtime: 11949
Path:
|1    |22   |43   |60   |39   |20   |45   |62   |37   |18   |15   |
|42   |59   |40   |21   |44   |61   |38   |19   |16   |47   |36   |
|23   |2    |87   |110  |85   |116  |83   |46   |63   |14   |17   |
|58   |41   |96   |117  |88   |111  |94   |115  |102  |35   |48   |
|3    |24   |109  |86   |95   |84   |101  |82   |93   |64   |13   |
|74   |57   |118  |97   |120  |89   |112  |103  |114  |49   |34   |
|25   |4    |75   |108  |77   |100  |79   |92   |81   |12   |65   |
|56   |73   |98   |119  |106  |121  |90   |113  |104  |33   |50   |
|5    |26   |107  |76   |99   |78   |105  |80   |91   |66   |11   |
|72   |55   |28   |7    |70   |53   |30   |9    |68   |51   |32   |
|27   |6    |71   |54   |29   |8    |69   |52   |31   |10   |67   |


average run time for 11 x 11 board: 12119

TI-84 estimates that this function has the runtime A*(6.7^n) for an n x n board where A is a constant less than 0.000001 with a correlation coefficient of 0.9126.


